100 1.058579
200 0.530991
300 0.371535
400 0.302197
500 0.265042
600 0.239661
700 0.211302
800 0.204915
900 0.193731
1000 0.180625
1100 0.173750
1200 0.170507
1300 0.163038
1400 0.157548
1500 0.153655
1600 0.181514
1700 0.179506
1800 0.163157
1900 0.146869
2000 0.139093
2100 0.135589
2200 0.132078
2300 0.143658
2400 0.130697
2500 0.137956
2600 0.126374
2700 0.126452
2800 0.127609
2900 0.125769
3000 0.142170
3100 0.128169
3200 0.121974
3300 0.122584
3400 0.124723
3500 0.117995
3600 0.157969
3700 0.216595
3800 0.134536
3900 0.144130
4000 0.131744
4100 0.141106
4200 0.132026
4300 0.135340
4400 0.135754
4500 0.108219
4600 0.178385
4700 0.116597
4800 0.124670
4900 0.183962
5000 0.135732
5100 0.146050
5200 0.146523
5300 0.106317
5400 0.108546
5500 0.102992
5600 0.102723
5700 0.105340
5800 0.103353
5900 0.100935
6000 0.102580
6100 0.102803
6200 0.102911
6300 0.105092
6400 0.107951
6500 0.101337
6600 0.103172
6700 0.100746
6800 0.101365
6900 0.100016
7000 0.099736
