100 0.000916
1100 0.008662
2100 0.014614
3100 0.005664
4100 0.007177
5100 0.003971
6100 0.003660
7100 0.004073
8100 0.004509
9100 0.005012
10100 0.005422
11100 0.005752
12100 0.006654
13100 0.006632
14100 0.007262
15100 0.007262
16100 0.007648
17100 0.008021
18100 0.008448
19100 0.008642
20100 0.009134
21100 0.009530
22100 0.009687
23100 0.010196
24100 0.010240
25100 0.010853
26100 0.011102
27100 0.011452
28100 0.011815
29100 0.012071
30100 0.012351
31100 0.012682
32100 0.012953
33100 0.013250
34100 0.013603
35100 0.013853
36100 0.014177
37100 0.014410
38100 0.014293
39100 0.015006
40100 0.015388
41100 0.015604
42100 0.015871
43100 0.018055
44100 0.016108
45100 0.016554
46100 0.017018
47100 0.017100
48100 0.017534
49100 0.017815
50100 0.018179
51100 0.018446
52100 0.018631
53100 0.018954
54100 0.018983
55100 0.019382
56100 0.019682
57100 0.019537
58100 0.019766
59100 0.020139
60100 0.020186
61100 0.020649
62100 0.021281
63100 0.021547
64100 0.021787
65100 0.022020
66100 0.022280
67100 0.022610
68100 0.022965
69100 0.023133
70100 0.023254
71100 0.023602
72100 0.023877
73100 0.024313
74100 0.024094
75100 0.024413
76100 0.024949
77100 0.024964
78100 0.025222
79100 0.025310
80100 0.025496
81100 0.025782
82100 0.026119
83100 0.026255
84100 0.026489
85100 0.026277
86100 0.027506
87100 0.027774
88100 0.027489
89100 0.027964
90100 0.028191
91100 0.028346
92100 0.027972
93100 0.029257
94100 0.029167
95100 0.029667
96100 0.029678
97100 0.029986
98100 0.029744
99100 0.030385
100100 0.030632
101100 0.030833
102100 0.031182
103100 0.031837
104100 0.031719
105100 0.031939
106100 0.031982
107100 0.032015
108100 0.032357
109100 0.033341
110100 0.032704
111100 0.032997
112100 0.033481
113100 0.034252
114100 0.033798
115100 0.034438
116100 0.034262
117100 0.034464
118100 0.035355
119100 0.040980
120100 0.034782
121100 0.035564
122100 0.035733
123100 0.036025
124100 0.036591
125100 0.036622
126100 0.036460
127100 0.036915
128100 0.037236
129100 0.037563
130100 0.037512
131100 0.037910
132100 0.037938
133100 0.038898
134100 0.038413
135100 0.039010
136100 0.039057
137100 0.039485
138100 0.039308
139100 0.039560
140100 0.040279
141100 0.040359
142100 0.040590
143100 0.040960
144100 0.041163
145100 0.041620
146100 0.041597
147100 0.041978
148100 0.042067
149100 0.043088
150100 0.042567
151100 0.042508
152100 0.042784
153100 0.042759
154100 0.043051
155100 0.043655
156100 0.043971
157100 0.044516
158100 0.044296
159100 0.044086
160100 0.045251
161100 0.045001
162100 0.045246
163100 0.045507
164100 0.045640
165100 0.046274
166100 0.045857
167100 0.046544
168100 0.046759
169100 0.046797
170100 0.046774
171100 0.047463
172100 0.047451
173100 0.047679
174100 0.047978
175100 0.048580
176100 0.048531
177100 0.048746
178100 0.048708
179100 0.049321
180100 0.049003
181100 0.049487
182100 0.049835
183100 0.049888
184100 0.050409
185100 0.050664
186100 0.051455
187100 0.050955
188100 0.051439
189100 0.051230
190100 0.051691
191100 0.052144
192100 0.052482
193100 0.052690
194100 0.052521
195100 0.052258
196100 0.052942
197100 0.053017
198100 0.053352
199100 0.053615
200100 0.054161
201100 0.054637
202100 0.054702
203100 0.054472
204100 0.054579
205100 0.055009
206100 0.055744
207100 0.056009
208100 0.056047
209100 0.056232
210100 0.056739
211100 0.056584
212100 0.056464
213100 0.057229
214100 0.057263
215100 0.058149
216100 0.058105
217100 0.057711
218100 0.058350
219100 0.058496
220100 0.059318
221100 0.059645
222100 0.059229
223100 0.059683
224100 0.059569
225100 0.059849
226100 0.060573
227100 0.060601
228100 0.060972
229100 0.061176
230100 0.061378
231100 0.061787
232100 0.062143
233100 0.061875
234100 0.062017
235100 0.062299
236100 0.062623
237100 0.062965
238100 0.063609
239100 0.063583
240100 0.063779
241100 0.064293
242100 0.064726
243100 0.064260
244100 0.064744
245100 0.064816
246100 0.064578
247100 0.065420
248100 0.065707
249100 0.065557
250100 0.066295
251100 0.066422
252100 0.066430
253100 0.066814
254100 0.066705
255100 0.066871
256100 0.067268
257100 0.067582
258100 0.068180
259100 0.068899
260100 0.068984
261100 0.068764
262100 0.069108
263100 0.068981
264100 0.069474
265100 0.069813
266100 0.070220
267100 0.070621
268100 0.070892
269100 0.071082
270100 0.071080
271100 0.071024
272100 0.071727
273100 0.078179
274100 0.077435
275100 0.072132
276100 0.073987
277100 0.075272
278100 0.073297
279100 0.076007
280100 0.080761
281100 0.073803
282100 0.076354
283100 0.078387
284100 0.074073
285100 0.075027
286100 0.075491
287100 0.075769
288100 0.075745
289100 0.076006
290100 0.075950
291100 0.083710
292100 0.077041
293100 0.076818
294100 0.076924
295100 0.077223
296100 0.077607
297100 0.077863
298100 0.078106
299100 0.077904
