100 0.017052
1100 0.006109
2100 0.005171
3100 0.003944
4100 0.004147
5100 0.003936
6100 0.004737
7100 0.005016
8100 0.005306
9100 0.005549
10100 0.005827
11100 0.006124
12100 0.006361
13100 0.006624
14100 0.006863
15100 0.007089
16100 0.007395
17100 0.007610
18100 0.007831
19100 0.008359
20100 0.007918
21100 0.009327
22100 0.009133
23100 0.009384
24100 0.009698
25100 0.009841
26100 0.009685
27100 0.010869
28100 0.010719
29100 0.010997
30100 0.011215
31100 0.011424
32100 0.011132
33100 0.011941
34100 0.012209
35100 0.012452
36100 0.012725
37100 0.012963
38100 0.012737
39100 0.013465
40100 0.013747
41100 0.013921
42100 0.014293
43100 0.014385
44100 0.014867
45100 0.015084
46100 0.015344
47100 0.015587
48100 0.015836
49100 0.016121
50100 0.016420
51100 0.016283
52100 0.017012
53100 0.017337
54100 0.017454
55100 0.017609
56100 0.017937
57100 0.018387
58100 0.018459
59100 0.018318
60100 0.019151
61100 0.019491
62100 0.019805
63100 0.019798
64100 0.020271
65100 0.020555
66100 0.020841
67100 0.020815
68100 0.021057
69100 0.021395
70100 0.021696
71100 0.022019
72100 0.029688
73100 0.022644
74100 0.023009
75100 0.023427
76100 0.023391
77100 0.023536
78100 0.024156
79100 0.024383
80100 0.024547
81100 0.024765
82100 0.025150
83100 0.031927
84100 0.026536
85100 0.026025
86100 0.025645
87100 0.026286
88100 0.026964
89100 0.027135
90100 0.027294
91100 0.027290
92100 0.027976
93100 0.028129
94100 0.028800
95100 0.028966
96100 0.029177
97100 0.028582
98100 0.028954
99100 0.029877
100100 0.030160
101100 0.031653
102100 0.030819
103100 0.031106
104100 0.030887
105100 0.031339
106100 0.031322
107100 0.031993
108100 0.032008
109100 0.032472
110100 0.032816
111100 0.032822
112100 0.033274
113100 0.032840
114100 0.033836
115100 0.034193
116100 0.034289
117100 0.034284
118100 0.034862
119100 0.035252
120100 0.035654
121100 0.035694
122100 0.035793
123100 0.036705
124100 0.036733
125100 0.036853
126100 0.036957
127100 0.037389
128100 0.037742
129100 0.037954
130100 0.038387
131100 0.038842
132100 0.038781
133100 0.038688
134100 0.038766
135100 0.039510
136100 0.039943
137100 0.040057
138100 0.040068
139100 0.040683
140100 0.040550
141100 0.041198
142100 0.041250
143100 0.041167
144100 0.041495
145100 0.042547
146100 0.042417
147100 0.042856
148100 0.043385
149100 0.043294
150100 0.043608
151100 0.043853
152100 0.044327
153100 0.044640
154100 0.044613
155100 0.045009
156100 0.045523
157100 0.045731
158100 0.046267
159100 0.046104
160100 0.046070
161100 0.046749
162100 0.046970
163100 0.046702
164100 0.047037
165100 0.047781
166100 0.048177
167100 0.047758
168100 0.048795
169100 0.048152
170100 0.049430
171100 0.049018
172100 0.050901
173100 0.052531
174100 0.050271
175100 0.050836
176100 0.050883
177100 0.050831
178100 0.051431
179100 0.051580
180100 0.051944
181100 0.052473
182100 0.052704
183100 0.052209
184100 0.053326
185100 0.053334
186100 0.054016
187100 0.054181
188100 0.054143
189100 0.053943
190100 0.054808
191100 0.054755
192100 0.055297
193100 0.055681
194100 0.055329
195100 0.055622
196100 0.055708
197100 0.056656
198100 0.056759
199100 0.057297
200100 0.057540
201100 0.057197
202100 0.057847
203100 0.058398
204100 0.058294
205100 0.059009
206100 0.059093
207100 0.059703
208100 0.059564
209100 0.060526
210100 0.060589
211100 0.060986
212100 0.061082
213100 0.061069
214100 0.061823
215100 0.062134
216100 0.062197
217100 0.062904
218100 0.062750
219100 0.063320
220100 0.063434
221100 0.063071
222100 0.063842
223100 0.064397
224100 0.064410
225100 0.065045
226100 0.065034
227100 0.065112
228100 0.065807
229100 0.065751
230100 0.066501
231100 0.066725
232100 0.066750
233100 0.066984
234100 0.067191
235100 0.067202
236100 0.067920
237100 0.068099
238100 0.068367
239100 0.068820
240100 0.069336
241100 0.069170
242100 0.069417
243100 0.070031
244100 0.070292
245100 0.070687
246100 0.070541
247100 0.070956
248100 0.071423
249100 0.071567
250100 0.072091
251100 0.072332
252100 0.072653
253100 0.072677
254100 0.072920
255100 0.073444
256100 0.073912
257100 0.073584
258100 0.074460
259100 0.074602
260100 0.075023
261100 0.075477
262100 0.075330
263100 0.075383
264100 0.075586
265100 0.076303
266100 0.076550
267100 0.076036
268100 0.076820
269100 0.077340
270100 0.077635
271100 0.077927
272100 0.078268
273100 0.078443
274100 0.078912
275100 0.078662
276100 0.079356
277100 0.079456
278100 0.079763
279100 0.080080
280100 0.080360
281100 0.080518
282100 0.080611
283100 0.081319
284100 0.081529
285100 0.081689
286100 0.082066
287100 0.082333
288100 0.082322
289100 0.082873
290100 0.083721
291100 0.083562
292100 0.083801
293100 0.084545
294100 0.084550
295100 0.084915
296100 0.084391
297100 0.085318
298100 0.086361
299100 0.085522
