1000 0.005314
2000 0.021882
3000 0.053029
4000 0.082931
5000 0.125821
6000 0.174536
7000 0.227183
8000 0.285242
9000 0.349108
10000 0.412016
11000 0.484076
12000 0.564841
13000 0.649970
14000 0.736975
15000 0.827764
16000 0.925094
17000 1.025354
18000 1.136217
19000 1.249473
20000 1.357146
21000 1.468702
22000 1.593399
23000 1.713769
24000 1.834488
25000 1.971727
26000 2.108925
27000 2.238606
28000 2.380513
29000 2.525120
30000 2.665659
31000 2.808008
32000 2.944566
33000 3.090548
34000 3.249480
35000 3.400989
36000 3.552911
37000 3.726581
38000 3.867973
39000 4.049893
40000 4.206331
41000 4.365358
42000 4.525722
43000 4.691494
44000 4.865560
45000 5.030586
46000 5.204412
47000 5.383647
48000 5.557869
49000 5.738445
50000 5.932825
51000 6.091678
52000 6.757538
53000 6.449817
54000 6.628957
55000 6.805648
56000 7.002167
57000 7.192757
58000 7.375725
59000 7.566517
60000 7.731376
61000 7.946186
62000 8.126735
63000 8.291919
64000 8.535769
65000 8.738112
66000 8.935810
67000 9.150993
68000 9.312525
69000 9.500882
70000 9.685271
71000 9.861776
72000 10.092870
73000 10.298615
74000 10.498564
75000 10.684781
76000 10.891332
77000 11.113063
78000 11.320320
79000 11.891958
80000 11.688897
81000 11.927042
82000 12.097831
83000 12.309016
84000 12.510815
85000 12.708652
86000 12.927625
87000 13.149263
88000 13.360643
89000 13.577163
90000 13.808899
91000 14.020239
92000 14.222587
93000 14.436680
94000 14.649890
95000 14.848775
96000 17.765073
97000 18.709030
98000 16.990921
99000 18.088878
100000 15.882638
101000 18.783711
102000 16.358659
103000 16.566329
104000 16.747583
105000 16.976130
106000 17.195212
107000 18.548922
108000 17.606970
109000 17.819109
110000 18.008408
111000 18.282619
112000 18.409328
113000 18.639950
114000 18.829841
115000 19.051865
116000 19.277744
117000 19.490364
118000 19.771154
119000 19.940958
120000 20.184475
121000 20.358455
122000 20.566721
123000 20.795983
124000 22.002102
125000 23.774382
126000 21.471991
127000 21.626865
128000 21.835683
129000 22.635037
130000 22.276023
131000 22.497898
132000 22.708823
133000 23.373913
134000 23.095488
135000 23.359644
136000 24.026478
137000 27.140342
138000 26.530321
139000 25.231874
140000 25.607217
141000 26.046775
142000 25.546507
143000 25.140604
144000 25.316771
145000 29.764313
146000 28.333081
147000 26.065797
148000 26.244913
149000 26.475670
150000 26.834044
151000 26.889916
152000 29.797120
153000 27.837492
154000 31.917105
155000 30.220258
156000 32.533470
157000 28.541367
158000 28.500788
159000 28.704908
160000 28.977856
161000 29.186033
162000 29.385389
163000 29.642485
164000 29.834022
165000 30.155011
166000 31.666146
167000 34.049589
168000 37.711392
169000 32.651070
170000 31.431200
171000 31.741030
172000 41.877732
173000 32.705572
174000 32.136158
175000 32.403743
176000 32.601634
177000 32.835538
178000 33.047766
179000 33.507152
180000 33.507493
181000 33.716798
182000 36.062386
183000 34.157997
184000 34.416771
185000 34.593906
186000 34.806877
187000 37.197177
188000 38.857051
189000 38.428147
190000 35.816699
191000 35.992146
192000 36.223433
193000 36.455875
194000 36.509930
195000 39.670605
196000 37.504068
197000 37.711792
198000 38.026436
199000 38.197263
200000 38.450199
201000 38.640485
202000 38.903419
203000 39.174415
204000 39.363562
205000 43.143174
206000 41.429562
207000 40.067935
208000 40.256428
209000 40.511824
210000 40.713267
211000 41.235964
212000 41.173716
213000 41.440528
214000 41.698731
215000 41.895084
216000 42.134885
217000 42.347623
218000 43.753259
219000 42.820107
220000 43.043157
221000 43.246177
222000 43.520455
223000 43.732132
224000 43.976973
225000 44.280688
226000 44.416029
227000 44.686588
228000 44.950160
229000 46.600408
230000 44.916792
231000 45.181792
232000 45.400038
233000 45.616439
234000 45.907567
235000 46.120139
236000 46.328592
237000 46.589981
238000 46.874315
239000 47.053353
240000 47.343256
241000 48.108664
242000 48.300704
243000 48.536499
244000 48.808629
245000 48.955255
246000 49.188615
247000 49.426156
248000 49.697651
249000 49.947180
250000 51.663155
251000 50.480577
252000 50.706191
253000 50.952364
254000 51.091680
255000 51.305472
256000 51.801622
257000 51.805347
258000 52.028888
259000 52.252089
260000 52.542374
261000 52.753709
262000 54.523071
263000 52.652476
264000 53.789921
265000 53.608049
266000 58.944916
267000 64.686108
268000 53.536899
269000 54.338315
270000 55.103523
271000 54.127075
272000 54.367729
273000 54.618255
274000 54.865141
275000 56.992561
276000 58.498181
277000 56.714569
278000 56.347831
279000 55.998640
280000 56.235103
281000 56.441381
282000 59.856751
283000 58.916230
284000 59.022055
285000 62.339001
286000 60.713445
287000 66.108864
288000 61.816966
289000 63.076892
290000 61.517268
291000 62.864636
292000 60.828025
293000 61.868271
294000 62.212695
295000 65.223705
296000 62.534184
297000 62.062947
298000 62.331483
299000 62.488821
300000 62.829011
