1000 0.026191
2000 0.047600
3000 0.040424
4000 0.061325
5000 0.087323
6000 0.129798
7000 0.175539
8000 0.214029
9000 0.297275
10000 0.325312
11000 0.408000
12000 0.476334
13000 0.529166
14000 0.596687
15000 0.702778
16000 0.792287
17000 0.840683
18000 0.966935
19000 1.038094
20000 1.131050
21000 1.235963
22000 1.360446
23000 1.417429
24000 1.600433
25000 1.649764
26000 1.865596
27000 1.972452
28000 2.165072
29000 2.206948
30000 2.347622
31000 2.499189
32000 2.666716
33000 2.783858
34000 2.919606
35000 3.164062
36000 3.283020
37000 3.420742
38000 3.636046
39000 3.732667
40000 3.896060
41000 4.083027
42000 4.240227
43000 4.360012
44000 4.620016
45000 4.761627
46000 5.529848
47000 5.183742
48000 5.434454
49000 5.540393
50000 5.732182
51000 5.936744
52000 6.090198
53000 6.307022
54000 6.511258
55000 6.786046
56000 6.905008
57000 7.181788
58000 7.296378
59000 7.591459
60000 7.794202
61000 8.015375
62000 8.254857
63000 8.432044
64000 8.728270
65000 8.954945
66000 9.163063
67000 9.268825
68000 9.512703
69000 9.818998
70000 10.033735
71000 10.223072
72000 10.433884
73000 10.805720
74000 12.146522
75000 11.216863
76000 11.408423
77000 11.670192
78000 11.811759
79000 12.157530
80000 12.428438
81000 12.850325
82000 14.298103
83000 14.318590
84000 14.400478
85000 14.125712
86000 13.943705
87000 14.207925
88000 14.412664
89000 14.609266
90000 14.830804
91000 15.086214
92000 15.245190
93000 15.537627
94000 15.758163
95000 15.956046
96000 16.393475
97000 16.552247
98000 16.702591
99000 16.966752
100000 17.270682
101000 17.395444
102000 17.652301
103000 18.060048
104000 18.227096
105000 18.384157
106000 18.617715
107000 19.038380
108000 19.209962
109000 19.447117
110000 19.649006
111000 19.994707
112000 20.136834
113000 20.552290
114000 20.815714
115000 20.930357
116000 21.199577
117000 21.463693
118000 21.785601
119000 22.137940
120000 22.287698
121000 22.575667
122000 22.666543
123000 22.986573
124000 23.210855
125000 23.540938
126000 23.730711
127000 23.922004
128000 24.332423
129000 24.490732
130000 24.771505
131000 24.891202
132000 25.183995
133000 25.487150
134000 25.785116
135000 26.046959
136000 26.554379
137000 26.602760
138000 26.748413
139000 26.995189
140000 27.326339
141000 27.660639
142000 27.918601
143000 29.104591
144000 28.460782
145000 28.719320
146000 28.944338
147000 29.269156
148000 29.366118
149000 29.732878
150000 29.890110
151000 30.187168
152000 30.775743
153000 31.081610
154000 31.263601
155000 31.538884
156000 31.762465
157000 31.933468
158000 32.232827
159000 32.736244
160000 32.939777
161000 33.119732
162000 33.363491
163000 33.632513
164000 33.916646
165000 34.207781
166000 34.470178
167000 34.723884
168000 35.080009
169000 35.313384
170000 35.529079
171000 35.767457
172000 36.126755
173000 36.414861
174000 36.604200
175000 36.800932
176000 37.158199
177000 37.429110
178000 37.772169
179000 39.221731
180000 38.312773
181000 38.691996
182000 38.911976
183000 39.104113
184000 39.397274
185000 39.696679
186000 39.212587
187000 40.123935
188000 40.614414
189000 40.631441
190000 40.869182
191000 41.237166
192000 41.509857
193000 41.784458
194000 42.035920
195000 42.169076
196000 42.474253
197000 42.916372
198000 43.207935
199000 44.613146
200000 43.630377
201000 43.914854
202000 44.180238
203000 44.369685
204000 44.527202
205000 44.845885
206000 45.116075
207000 45.144487
208000 45.547735
209000 45.736305
210000 46.059292
211000 46.255362
212000 46.603620
213000 46.798545
214000 47.134254
215000 47.266109
216000 47.787468
217000 47.970705
218000 48.237629
219000 48.442772
220000 48.771048
221000 49.113927
222000 49.336192
223000 49.630110
224000 49.772813
225000 56.197109
226000 51.517550
227000 52.710839
228000 52.528558
229000 52.216955
230000 57.642010
231000 52.427576
232000 55.043639
233000 55.412951
234000 54.259288
235000 53.473178
236000 53.485843
237000 53.599234
238000 53.921432
239000 61.681106
240000 58.279749
241000 61.025346
242000 62.950077
243000 57.237231
244000 57.673747
245000 57.753485
246000 58.037593
247000 58.357193
248000 58.699869
249000 58.899033
250000 59.158683
251000 59.344165
252000 59.614462
253000 60.678635
254000 60.470749
255000 60.772499
256000 61.000890
257000 61.319858
258000 61.622495
259000 61.826920
260000 62.184494
261000 62.411870
262000 63.812170
263000 63.161669
264000 63.315536
265000 63.556675
266000 63.879578
267000 64.421730
268000 64.414483
269000 64.598958
270000 64.965771
271000 65.356839
272000 65.657073
273000 65.782377
274000 67.225993
275000 65.758519
276000 66.799192
277000 66.948645
278000 67.262886
279000 67.481259
280000 67.845010
281000 68.001344
282000 68.345629
283000 68.747243
284000 68.887455
285000 69.236761
286000 69.418146
287000 69.673736
288000 69.827110
289000 69.710406
290000 70.109164
291000 70.331739
292000 70.744362
293000 71.793377
294000 71.806389
295000 72.085437
296000 73.672686
297000 72.588414
298000 72.854993
299000 73.299670
300000 73.471985
